0.1899520 0.4866330
0.4696141 0.3689782
0.6072058 0.3090599
0.7307858 0.2389339

0.9630128 0.0346837
0.8620833 0.0692223
0.6589914 0.1196990
0.6080332 0.1343847
0.5585972 0.1549283
0.4621459 0.2005991
0.4127221 0.2211211
0.3116947 0.2563405
0.2628306 0.2774338
0.2126239 0.2959439
0.1175633 0.3447492
0.0673282 0.3613198
0.0201107 0.3805610

0.0116998 0.4697038
0.2030446 0.3903980
0.3451549 0.3335773
0.4921897 0.2814795
0.5398192 0.2603750
0.6327544 0.2139073
0.6794425 0.1964457
0.7255905 0.1884391
0.8219985 0.1502436
0.8688335 0.1275253
0.9179193 0.1117623
0.9680903 0.0985071

0.0467502 0.3339449
0.1035119 0.3031299
0.2757862 0.2170931
0.3352338 0.1931290
0.3977520 0.1920907
0.4598536 0.1849972
0.5207577 0.1600439
0.5833302 0.1417655
0.6453770 0.1274931
0.7047785 0.1233754
0.7614705 0.1027635
0.8094175 0.0588286
0.8587347 0.0242107
0.8764655 0.0094503

0.0287697 0.4846191
0.0507095 0.4342057
0.0788814 0.3869062
0.1313919 0.3468941
0.1932884 0.3134086
0.2600660 0.2871866
0.3288740 0.2678826
0.4683653 0.2460251
0.5372428 0.2240930
0.6050795 0.1968709
0.8128884 0.1272664
0.8828927 0.1091608
0.9524063 0.0888654

0.1777518 0.9604707
0.2096986 0.9455121
0.2719575 0.9067840
0.2960932 0.8797231
0.3133637 0.8482278
0.3195427 0.8133194
0.3137639 0.7764273
0.3059920 0.7403205
0.2937322 0.7053374
0.2783850 0.6713050
0.2456266 0.5635643
0.2181600 0.4940189
0.1879637 0.4258139
0.1650658 0.3540771
0.1228107 0.2493060
0.1067330 0.2171652
0.0961184 0.1817313
0.0900095 0.1590982
0.0888684 0.1313861
0.0971822 0.1019570
0.1112197 0.0725713

0.0432047 0.0180470
0.0593225 0.0603400
0.0725386 0.1037049
0.0902144 0.1451362
0.1051321 0.1867689
0.1231373 0.2284379
0.1368811 0.2695282
0.1744134 0.3519677
0.1897538 0.3945907
0.1997651 0.4388720
0.2126092 0.4823893
0.2279223 0.5250949
0.2644456 0.6076521
0.2948251 0.6928837
0.3131440 0.7341920
0.3454066 0.8189801
0.3753918 0.9046326
0.3994693 0.9423215
0.4253197 0.9765005

0.0331757 0.0350237
0.0282136 0.0765821
0.0272262 0.1178747
0.0761561 0.2370274
0.0887285 0.2780561
0.1187781 0.3585421
0.1369223 0.3974377
0.1598976 0.4327779
0.1980764 0.5556476
0.2121465 0.5961297
0.2588335 0.7161827
0.2945659 0.7943175
0.3281933 0.8732656
0.3442331 0.9130892
0.3581151 0.9537149
0.3774212 0.9917837

0.1252808 0.2932469
0.1666213 0.2744677
0.2105452 0.2635257
0.2562120 0.2606469
0.4860423 0.2678959
0.5317128 0.2656353
0.5769079 0.2584737
0.6656576 0.2405371
0.7561688 0.2274989
0.8458708 0.2195655
0.9336914 0.2157992
0.9788259 0.2212850

0.2702524 0.0795619
0.3313009 0.1615165
0.4119925 0.2463185
0.4991056 0.3312413
0.5386983 0.4370901
0.5707506 0.5559211
0.5530281 0.6826725
0.5687381 0.8158979
0.6006290 0.9503367

0.3538889 0.9895015
0.3281543 0.8856472
0.3258572 0.8323047
0.3161170 0.7803883
0.3004046 0.7290138
0.2776720 0.6805650
0.2208049 0.5940650
0.1740749 0.4988600
0.1418536 0.4575217
0.1252673 0.4072228
0.1215174 0.3548388
0.1097843 0.3030011
0.1108342 0.2499853
0.0948573 0.1994322
0.0755338 0.1493962
0.0625729 0.0988712
0.0383041 0.0509270
0.0091954 0.0056910

0.9468565 0.1251803
0.8932086 0.1424508
0.7873107 0.1821653
0.7327361 0.1979774
0.6795056 0.2174877
0.6268116 0.2381222
0.5242574 0.2871584
0.4711601 0.3071871
0.4169281 0.3242343
0.3613387 0.3362068
0.1405775 0.3916533
0.0314239 0.4243813

0.2844004 0.9725887
0.2828447 0.9302242
0.2360713 0.7477734
0.2042039 0.6579352
0.1699087 0.5688682
0.0836305 0.2461821
0.0610339 0.1535113
0.0305705 0.0142940

0.0782354 0.0168367
0.0770438 0.0703903
0.0857129 0.1265726
0.0901998 0.1819797
0.0915845 0.2356727
0.1277869 0.2754897
0.1669562 0.3127703
0.2070701 0.4166767
0.2240500 0.4723970
0.2339557 0.5293459
0.2446412 0.6446804
0.2379480 0.7026208
0.2353285 0.7610023
0.2251600 0.8151045
0.1983697 0.9190987

0.1613900 0.0566631
0.2474417 0.3060093
0.3478460 0.5504277
0.5095269 0.7496708
0.6922504 0.9168257

0.0327295 0.4402917
0.0681347 0.4410250
0.1004221 0.4381651
0.1354431 0.4430174
0.2108551 0.4426182
0.2474105 0.4395843
0.2815576 0.4313241
0.4111678 0.3639700
0.4453815 0.3523473
0.4787294 0.3368278
0.5107152 0.3196092
0.5454377 0.3093895
0.5813759 0.3026455
0.6162805 0.2924756
0.6462035 0.2733535
0.6702575 0.2459181
0.7016805 0.2322012
0.7312876 0.2155657
0.7574535 0.1902592
0.7815012 0.1619906
0.8074039 0.1362026
0.8698726 0.1009576
0.8970057 0.0745084
0.9260316 0.0526127
0.9580687 0.0379855

0.0388636 0.0615909
0.4810910 0.0368551
0.9265909 0.0252273

0.1434388 0.1460124
0.4030267 0.3540666
0.6864435 0.5430046

0.9859060 0.0031430
0.0367162 0.2324401

0.9896085 0.0214423
0.0647655 0.2558551

0.1271217 0.1057692
0.0267611 0.9619391

0.0830047 0.0161503
0.9353991 0.2197183

0.9700521 0.2823661
0.0677083 0.0053943

0.2101968 0.8993739
0.1350626 0.2084079

0.7844798 0.1256443
0.2908315 0.0561254

0.0385356 0.7215695
0.4913003 0.3765952
0.9407667 0.0273281

0.8518207 0.3516116
0.0544046 0.1597965

0.4677584 0.9406346
0.0470829 0.0996247

0.1355964 0.3005008
0.9410128 0.0315340

0.8121631 0.0528976
0.0400943 0.2634771

0.0754266 0.2802094
0.7704778 0.0977861

0.9100454 0.0258229
0.0883938 0.2311294

0.8763366 0.0728731
0.4995566 0.1737586
0.1216876 0.2702232

0.8166360 0.0981250
0.1144301 0.2631066

0.0982518 0.1428649
0.2928854 0.5192080
0.4796547 0.8984500

0.0075600 0.9747132
0.1133994 0.0409281

0.7357513 0.9775475
0.3773748 0.3644215

0.3136671 0.9085250
0.2056591 0.4711355
0.1102391 0.0294091

0.0850074 0.9516369
0.2922247 0.0574777

0.0326424 0.2125328
0.5253753 0.9497260

0.0639148 0.0671373
0.9155706 0.0436412

0.0915446 0.9943409
0.0432756 0.0236351

0.1660353 0.1609849
0.2058081 0.9545455

1.0000000 0.0000000
0.0420129 0.5521154

0.0563896 0.0908806
0.9129881 0.4255428

0.8063712 0.9176070
0.0889668 0.0496768

0.0813157 0.0814988
0.8598980 0.1471982

0.9610482 0.2770663
0.0086379 0.0309547

0.0791630 0.0045656
0.5059953 0.1655324
0.9434745 0.2993936

0.0079603 0.0455045
0.5787533 0.9499074

0.9062801 0.0311447
0.0000000 0.5214680

0.0000000 0.0000000
0.6356225 0.8724079

0.3853794 0.0271768
0.1170362 0.9513846

0.5668479 0.9185159
0.0178849 0.0232281

0.6343221 0.9844664
0.0198988 0.0361632

0.0674741 0.0705543
0.7321142 0.9833148

0.0008186 0.0371094
0.6835833 0.9629835

0.0135476 0.9168324
0.0598530 0.0176116

0.0798315 0.4120601
0.9529263 0.0000000

0.4129702 0.9284634
0.0387018 0.0405529

1.0000000 0.0000000
0.0300324 0.3321284

0.0204790 0.3289338
0.8309341 0.0204392

0.0376058 0.5931656
0.9156935 0.0641034

0.0338025 0.1259980
0.4980182 0.8237395

0.0213177 0.9976965
0.1871865 0.0529339

0.9872984 0.3861105
0.0783126 0.0009619

0.0407588 0.9221987
0.4590402 0.0389823

0.0909258 0.0228262
0.9618591 0.2080920

0.1812268 0.9977283
0.1133373 0.0428858

0.0254187 0.8904401
0.1004309 0.0641825

0.9582183 0.2613873
0.0234023 0.0000000

0.9368637 0.7438168
0.0334720 0.0622964

0.9541051 0.0936876
0.0501885 0.5538251

0.7819292 0.0339943
0.0479578 0.9305339

0.1630701 0.9274796
0.7882605 0.0109369

0.5716343 0.8907710
0.0921524 0.0010108

0.0585659 0.1098998
0.1987711 0.8718133

0.9708710 0.0067016
0.0209454 0.4336642

0.4930386 0.9179844
0.0785631 0.0539910

0.9451846 0.0208360
0.0335497 0.5888062

0.0455356 0.0830941
0.5023410 0.9783883

0.3319368 0.0454545
0.0558253 0.8346552

0.9507468 0.1831001
0.0662344 0.0762172

0.6953194 0.9544410
0.0895314 0.1744583

0.9339883 0.1939354
0.0849825 0.0000000

1.0000000 0.2089335
0.1583540 0.0000000

0.0544935 0.0022820
0.0171564 0.9830851

0.0741402 0.9187833
0.1168035 0.1338972

0.0404685 0.0524806
0.9318860 0.0443919

0.1389629 0.9352261
0.1855439 0.0602412

0.0257307 0.0643225
0.9724106 0.2266282

0.9330380 0.2031104
0.0956988 0.0883051

0.0236236 0.0490085
0.1690306 0.0501756
0.3734541 0.0440677
0.9867526 0.0521762

0.9405168 0.3059021
0.6478530 0.2938492
0.4539585 0.2832950
0.3590994 0.2852012
0.2653646 0.2915992
0.1720921 0.2950344
0.0898562 0.2796247

0.0446916 0.0311603
0.0338258 0.0707458
0.0288459 0.4590275
0.0248056 0.6316507
0.0228209 0.9338039
0.0305340 0.9750103

0.0443557 0.9381199
0.1215656 0.9814422
0.2105256 0.9780332
0.3890726 0.9663743
0.4653296 0.9355684
0.4816719 0.8505006
0.4812385 0.7615568
0.4961704 0.5837338
0.5009005 0.4943622
0.5076391 0.2261088
0.5029432 0.1373236
0.4709269 0.0613125
0.3862519 0.0376742
0.0287966 0.0263841

0.1417175 0.0651763
0.1106109 0.1334126
0.1060025 0.2107826
0.0970055 0.6790932
0.0916285 0.8331574
0.1129847 0.8993650

0.9664469 0.0786792
0.8901718 0.0756314
0.1981531 0.0709396
0.1213713 0.0687464
0.0484143 0.0537012

0.2659708 0.8973317
0.2768447 0.6422769
0.2925458 0.1327361

0.9631817 0.1164565
0.8335768 0.1165489
0.6344066 0.1114437
0.1027363 0.1073733
0.0386385 0.0958030

