0.1934710 0.4728671
0.7189817 0.2349077

0.9630128 0.0346837
0.6080332 0.1343847
0.0201107 0.3805610

0.0116998 0.4697038
0.6327544 0.2139073
0.9680903 0.0985071

0.0467502 0.3339449
0.3352338 0.1931290
0.4598536 0.1849972
0.7614705 0.1027635
0.8764655 0.0094503

0.0332727 0.4497855
0.1772255 0.3460860
0.3025257 0.2851901
0.6314337 0.1728911
0.9747181 0.1043394

0.1807995 0.9749540
0.2758616 0.9199435
0.3113391 0.8538608
0.3137821 0.8166870
0.2391123 0.5595261
0.0707098 0.1739798
0.0683254 0.1288510
0.0968870 0.0725711

0.0367863 0.0126999
0.1822841 0.3717564
0.2140233 0.4988386
0.3561413 0.8635906
0.4265273 0.9686673

0.0472289 0.0304090
0.0579481 0.1119949
0.1931094 0.4244204
0.2559659 0.6712694
0.3887720 0.9847943

0.1252808 0.2932469
0.2105452 0.2635257
0.5317128 0.2656353
0.7561688 0.2274989
0.9788259 0.2212850

0.2177659 0.1252086
0.2537463 0.2325474
0.4175607 0.5381488
0.5810566 0.9507589

0.3898462 0.9763863
0.3122765 0.6983308
0.1688236 0.3999509
0.0185832 0.0030913

0.9468565 0.1251803
0.4711601 0.3071871
0.0314239 0.4243813

0.2931150 0.9641887
0.2712388 0.8331505
0.1521771 0.4783526
0.0449286 0.0211476

0.0834530 0.0290849
0.1201204 0.2191631
0.1862609 0.3541358
0.2380750 0.5472728
0.2520344 0.7069048
0.2064099 0.9348409

0.2702524 0.1308839
0.3596127 0.3819424
0.5280159 0.5691870

0.0327295 0.4402917
0.2815576 0.4313241
0.5107152 0.3196092
0.6162805 0.2924756
0.7312876 0.2155657
0.8074039 0.1362026
0.9580687 0.0379855

0.0388636 0.0615909
0.9265909 0.0252273

0.1471396 0.1372651
0.7204233 0.5376217

0.9807153 0.0020953
0.0244774 0.2303924

0.9693894 0.0255506
0.0431770 0.2538412

0.1265207 0.0846154
0.0326104 0.9315705

0.1090704 0.0130704
0.9174084 0.2085634

0.9700521 0.2823661
0.0677083 0.0053943

0.2233580 0.9100434
0.1346793 0.1387682

0.7844798 0.1256443
0.2908315 0.0561254

0.0385356 0.7215695
0.9407667 0.0273281

0.8518207 0.3516116
0.0544046 0.1597965

0.4677584 0.9406346
0.0470829 0.0996247

0.1355964 0.3005008
0.9410128 0.0315340

0.8121631 0.0528976
0.0400943 0.2634771

0.0937348 0.2869865
0.7922964 0.0979324

0.9169504 0.0412410
0.0953462 0.2509459

0.8751046 0.0778940
0.1181311 0.2803347

0.6691176 0.1243198
0.2515319 0.2171507

0.0982518 0.1428649
0.4796547 0.8984500

0.0160323 0.9598540
0.1128780 0.0477060

0.6776051 0.8560737
0.2515832 0.2498561

0.3134867 0.9237709
0.1047963 0.0487145

0.0850074 0.9516369
0.2922247 0.0574777

0.0318799 0.1722659
0.5260901 0.9280915

0.0639148 0.0671373
0.9155706 0.0436412

0.0877164 0.9232690
0.0364514 0.0813915

0.1938131 0.2234849
0.1922348 0.9251894

0.9676896 0.0007017
0.0420129 0.5521154

0.0563896 0.0908806
0.9129881 0.4255428

0.7894244 0.9051495
0.1148963 0.0369711

0.0905970 0.0791058
0.9018704 0.1681215

0.9491732 0.2690412
0.0057586 0.0931916

0.0791630 0.0045656
0.5059953 0.1655324
0.9434745 0.2993936

0.0207179 0.0613229
0.5673329 0.9360173

0.9375201 0.0207631
0.0337930 0.5207342

0.0000000 0.0000000
0.6356225 0.8724079

0.3853794 0.0271768
0.1170362 0.9513846

0.5622330 0.8949945
0.0261011 0.0499123

0.6389017 0.9865524
0.0265091 0.0622596

0.0633125 0.0425060
0.7010903 0.9803272

0.0186979 0.0441406
0.6664744 0.9849999

0.0135476 0.9168324
0.0603090 0.0383340

0.0798315 0.4120601
0.9529263 0.0000000

0.4129702 0.9284634
0.0387018 0.0405529

0.9642787 0.0219211
0.0661919 0.3474995

0.0420638 0.3323860
0.8561685 0.0252456

0.0376058 0.5931656
0.9156935 0.0641034

0.0590247 0.1175823
0.4947130 0.8012664

0.0263452 0.9976720
0.1893692 0.0531905

0.9762228 0.3881940
0.0845823 0.0125218

0.0444886 0.9216018
0.4555848 0.0404727

0.0899364 0.0784432
0.9368795 0.2442706

0.1884876 0.9975661
0.1203580 0.0427288

0.0498123 0.8716095
0.0930535 0.0771462

0.9582183 0.2613873
0.0234023 0.0000000

0.9235834 0.7383705
0.0423759 0.0602109

0.9386451 0.1060652
0.0609995 0.5209155

0.7609613 0.0446326
0.0458369 0.9319255

0.1611671 0.9254612
0.7834221 0.0418331

0.5716343 0.8907710
0.0921524 0.0010108

0.0499745 0.0915159
0.1888289 0.8940074

0.9223672 0.0047405
0.0415562 0.4564389

0.5025497 0.9267374
0.0835226 0.0759095

0.9031664 0.0168493
0.0367941 0.6342495

0.0404542 0.0774698
0.4987144 0.9742009

0.3603208 0.0709748
0.0728748 0.8408307

0.9339693 0.1706238
0.0689047 0.0746457

0.6916236 0.9197154
0.1148990 0.2123057

0.9208860 0.1908377
0.0679860 0.0003811

1.0000000 0.2089335
0.1583540 0.0000000

0.0544935 0.0022820
0.0171564 0.9830851

0.0716640 0.9139157
0.1282145 0.1128026

0.0569867 0.0469370
0.9104519 0.0759153

0.1100199 0.9605396
0.1799188 0.1016188

0.0257307 0.0643225
0.9724106 0.2266282

0.9324753 0.2273263
0.1013931 0.1017496

0.0253771 0.0470772
0.9857874 0.0513149

0.9397033 0.3037192
0.1933972 0.2888030
0.0962254 0.2755483

0.0458160 0.0325803
0.0247280 0.6316755
0.0307456 0.9737024

0.0420124 0.9393620
0.1210474 0.9790279
0.3895990 0.9646227
0.4663714 0.9327210
0.5062610 0.2210819
0.5020813 0.1319086
0.4684214 0.0563033
0.3834722 0.0347350
0.0246828 0.0245527

0.1457415 0.0684424
0.1169704 0.1451156
0.1127313 0.2295337
0.0989167 0.8222437
0.1157592 0.8934392

0.9566389 0.0819956
0.1217428 0.0722879
0.0430829 0.0574633

0.2738745 0.8866054
0.2961459 0.1354260

0.9619175 0.1211313
0.0376339 0.0986194

