0.1934710 0.4728671
0.3269641 0.4150184
0.4622739 0.3564129
0.5958792 0.2996712
0.7189817 0.2349077

0.9630128 0.0346837
0.9127433 0.0519353
0.8620833 0.0692223
0.8112512 0.0825987
0.7604113 0.0953676
0.7097224 0.1069674
0.6589914 0.1196990
0.6080332 0.1343847
0.5585972 0.1549283
0.5107719 0.1784882
0.4621459 0.2005991
0.4127221 0.2211211
0.3622575 0.2387609
0.3116947 0.2563405
0.2628306 0.2774338
0.2126239 0.2959439
0.1651175 0.3201954
0.1175633 0.3447492
0.0673282 0.3613198
0.0201107 0.3805610

0.0116998 0.4697038
0.0597916 0.4499059
0.1080473 0.4306809
0.1555015 0.4103575
0.2030446 0.3903980
0.2513470 0.3718576
0.2977428 0.3531943
0.3451549 0.3335773
0.3940771 0.3167794
0.4432290 0.2994792
0.4921897 0.2814795
0.5398192 0.2603750
0.5862328 0.2366364
0.6327544 0.2139073
0.6794425 0.1964457
0.7255905 0.1884391
0.7734045 0.1689354
0.8219985 0.1502436
0.8688335 0.1275253
0.9179193 0.1117623
0.9680903 0.0985071

0.0467502 0.3339449
0.1035119 0.3031299
0.1613171 0.2745858
0.2190853 0.2454414
0.2757862 0.2170931
0.3352338 0.1931290
0.3977520 0.1920907
0.4598536 0.1849972
0.5207577 0.1600439
0.5833302 0.1417655
0.6453770 0.1274931
0.7047785 0.1233754
0.7614705 0.1027635
0.8094175 0.0588286
0.8587347 0.0242107
0.8764655 0.0094503

0.0332727 0.4497855
0.0760575 0.4203132
0.1211813 0.3829594
0.1772255 0.3460860
0.2385054 0.3134666
0.3025257 0.2851901
0.3682456 0.2619414
0.4333734 0.2406694
0.4988735 0.2205112
0.5648560 0.1964677
0.6314337 0.1728911
0.6999392 0.1563346
0.7679188 0.1375501
0.8367426 0.1250705
0.9058558 0.1163808
0.9747181 0.1043394

0.1807995 0.9749540
0.2129548 0.9600544
0.2449589 0.9408902
0.2758616 0.9199435
0.2978896 0.8894651
0.3113391 0.8538608
0.3137821 0.8166870
0.3075105 0.7787578
0.3002768 0.7417815
0.2881761 0.7059194
0.2741642 0.6701525
0.2625021 0.6332984
0.2518475 0.5962355
0.2391123 0.5595261
0.2230292 0.5246748
0.2080612 0.4892747
0.1901976 0.4553303
0.1739427 0.4206902
0.1605768 0.3842850
0.1473623 0.3478770
0.1319528 0.3122964
0.1155031 0.2771613
0.0997882 0.2418307
0.0818027 0.2100468
0.0707098 0.1739798
0.0659397 0.1548823
0.0683254 0.1288510
0.0814970 0.1009490
0.0968870 0.0725711

0.0367863 0.0126999
0.0532909 0.0529707
0.0654373 0.0948282
0.0840962 0.1340381
0.0993136 0.1736769
0.1167027 0.2132792
0.1279800 0.2534623
0.1453465 0.2930000
0.1651459 0.3316788
0.1822841 0.3717564
0.1918005 0.4143974
0.2012763 0.4570847
0.2140233 0.4988386
0.2288793 0.5397918
0.2467459 0.5791130
0.2623035 0.6197868
0.2760818 0.6611567
0.2933074 0.7010227
0.3118654 0.7403530
0.3268269 0.7812706
0.3426151 0.8220424
0.3561413 0.8635906
0.3732850 0.9036758
0.3984509 0.9384573
0.4265273 0.9686673

0.0472289 0.0304090
0.0505444 0.0716989
0.0579481 0.1119949
0.0768012 0.1502147
0.0936188 0.1894877
0.1097947 0.2289419
0.1236010 0.2692833
0.1391980 0.3090684
0.1550633 0.3486642
0.1739441 0.3869143
0.1931094 0.4244204
0.2027292 0.4657645
0.2125343 0.5073038
0.2243670 0.5483511
0.2354888 0.5893675
0.2457735 0.6303798
0.2559659 0.6712694
0.2742902 0.7095117
0.2932304 0.7477367
0.3097544 0.7872177
0.3237887 0.8271696
0.3407919 0.8662532
0.3577531 0.9053514
0.3715620 0.9458195
0.3887720 0.9847943

0.1252808 0.2932469
0.1666213 0.2744677
0.2105452 0.2635257
0.2562120 0.2606469
0.3020905 0.2626832
0.3477743 0.2631451
0.3937879 0.2650246
0.4399261 0.2667199
0.4860423 0.2678959
0.5317128 0.2656353
0.5769079 0.2584737
0.6214883 0.2494897
0.6656576 0.2405371
0.7106149 0.2331410
0.7561688 0.2274989
0.8017276 0.2241651
0.8458708 0.2195655
0.8897812 0.2172004
0.9336914 0.2157992
0.9788259 0.2212850

0.2177659 0.1252086
0.2537463 0.2325474
0.3073585 0.3349057
0.3668870 0.4336903
0.4175607 0.5381488
0.4592010 0.6388827
0.4986775 0.7393110
0.5448790 0.8403803
0.5810566 0.9507589

0.3898462 0.9763863
0.3742285 0.9306760
0.3619019 0.8839238
0.3515945 0.8372528
0.3418550 0.7906195
0.3287278 0.7439324
0.3122765 0.6983308
0.2914701 0.6549079
0.2672713 0.6151544
0.2470537 0.5732843
0.2303709 0.5284801
0.2126311 0.4837973
0.1906513 0.4422294
0.1688236 0.3999509
0.1534237 0.3563194
0.1347876 0.3143719
0.1237598 0.2684797
0.1087728 0.2254001
0.0890113 0.1814718
0.0721431 0.1364560
0.0565633 0.0914264
0.0388828 0.0465751
0.0185832 0.0030913

0.9468565 0.1251803
0.8932086 0.1424508
0.8402613 0.1616834
0.7873107 0.1821653
0.7327361 0.1979774
0.6795056 0.2174877
0.6268116 0.2381222
0.5755890 0.2626399
0.5242574 0.2871584
0.4711601 0.3071871
0.4169281 0.3242343
0.3613387 0.3362068
0.3061184 0.3499672
0.2508800 0.3631606
0.1958152 0.3775783
0.1405775 0.3916533
0.0859910 0.4079727
0.0314239 0.4243813

0.2931150 0.9641887
0.2932005 0.9228438
0.2834364 0.8782051
0.2712388 0.8331505
0.2564818 0.7892120
0.2412397 0.7451737
0.2260159 0.7014374
0.2112888 0.6570455
0.1954846 0.6127562
0.1794367 0.5684591
0.1657528 0.5235012
0.1521771 0.4783526
0.1413047 0.4325953
0.1292947 0.3870101
0.1188789 0.3410554
0.1087862 0.2950656
0.0995529 0.2490112
0.0890256 0.2030863
0.0780995 0.1572327
0.0670497 0.1113898
0.0566461 0.0657173
0.0449286 0.0211476

0.0834530 0.0290849
0.0888640 0.0665301
0.0967985 0.1048286
0.1068351 0.1434726
0.1142393 0.1819941
0.1201204 0.2191631
0.1316587 0.2566389
0.1508759 0.2883329
0.1685171 0.3228885
0.1862609 0.3541358
0.1969302 0.3919776
0.2104149 0.4299812
0.2225114 0.4684721
0.2324347 0.5074949
0.2380750 0.5472728
0.2426230 0.5872765
0.2478625 0.6270811
0.2528310 0.6668461
0.2520344 0.7069048
0.2484142 0.7470621
0.2440266 0.7870574
0.2364411 0.8255168
0.2291746 0.8624829
0.2212451 0.8994872
0.2064099 0.9348409

0.2702524 0.1308839
0.3596127 0.3819424
0.5280159 0.5691870

0.0327295 0.4402917
0.0681347 0.4410250
0.1004221 0.4381651
0.1354431 0.4430174
0.1731262 0.4427351
0.2108551 0.4426182
0.2474105 0.4395843
0.2815576 0.4313241
0.3135407 0.4149653
0.3460605 0.3972708
0.3787788 0.3805669
0.4111678 0.3639700
0.4453815 0.3523473
0.4787294 0.3368278
0.5107152 0.3196092
0.5454377 0.3093895
0.5813759 0.3026455
0.6162805 0.2924756
0.6462035 0.2733535
0.6702575 0.2459181
0.7016805 0.2322012
0.7312876 0.2155657
0.7574535 0.1902592
0.7815012 0.1619906
0.8074039 0.1362026
0.8385025 0.1187668
0.8698726 0.1009576
0.8970057 0.0745084
0.9260316 0.0526127
0.9580687 0.0379855

0.0388636 0.0615909
0.4810910 0.0368551
0.9265909 0.0252273

0.1471396 0.1372651
0.7204233 0.5376217

0.9807153 0.0020953
0.0244774 0.2303924

0.9693894 0.0255506
0.5068214 0.1410780
0.0431770 0.2538412

0.1265207 0.0846154
0.0326104 0.9315705

0.1090704 0.0130704
0.9174084 0.2085634

0.9700521 0.2823661
0.0677083 0.0053943

0.2233580 0.9100434
0.1346793 0.1387682

0.7844798 0.1256443
0.2908315 0.0561254

0.0385356 0.7215695
0.4913003 0.3765952
0.9407667 0.0273281

0.8518207 0.3516116
0.0544046 0.1597965

0.4677584 0.9406346
0.0470829 0.0996247

0.1355964 0.3005008
0.9410128 0.0315340

0.8121631 0.0528976
0.0400943 0.2634771

0.0937348 0.2869865
0.7922964 0.0979324

0.9169504 0.0412410
0.5067866 0.1482755
0.0953462 0.2509459

0.8751046 0.0778940
0.4973474 0.1822057
0.1181311 0.2803347

0.6691176 0.1243198
0.2515319 0.2171507

0.0982518 0.1428649
0.2928854 0.5192080
0.4796547 0.8984500

0.0160323 0.9598540
0.1128780 0.0477060

0.6776051 0.8560737
0.4669814 0.5543744
0.2515832 0.2498561

0.3134867 0.9237709
0.1047963 0.0487145

0.0850074 0.9516369
0.2922247 0.0574777

0.0318799 0.1722659
0.5260901 0.9280915

0.0639148 0.0671373
0.9155706 0.0436412

0.0877164 0.9232690
0.0364514 0.0813915

0.1938131 0.2234849
0.1922348 0.9251894

0.9676896 0.0007017
0.0420129 0.5521154

0.0563896 0.0908806
0.9129881 0.4255428

0.7894244 0.9051495
0.1148963 0.0369711

0.0905970 0.0791058
0.9018704 0.1681215

0.9491732 0.2690412
0.0057586 0.0931916

0.0791630 0.0045656
0.5059953 0.1655324
0.9434745 0.2993936

0.0207179 0.0613229
0.5673329 0.9360173

0.9375201 0.0207631
0.0337930 0.5207342

0.0000000 0.0000000
0.6356225 0.8724079

0.3853794 0.0271768
0.1170362 0.9513846

0.5622330 0.8949945
0.0261011 0.0499123

0.6389017 0.9865524
0.3286221 0.5272368
0.0265091 0.0622596

0.0633125 0.0425060
0.7010903 0.9803272

0.0186979 0.0441406
0.3346730 0.5200264
0.6664744 0.9849999

0.0135476 0.9168324
0.0603090 0.0383340

0.0798315 0.4120601
0.9529263 0.0000000

0.4129702 0.9284634
0.0387018 0.0405529

0.9642787 0.0219211
0.0661919 0.3474995

0.0420638 0.3323860
0.8561685 0.0252456

0.0376058 0.5931656
0.9156935 0.0641034

0.0590247 0.1175823
0.4947130 0.8012664

0.0263452 0.9976720
0.1893692 0.0531905

0.9762228 0.3881940
0.0845823 0.0125218

0.0444886 0.9216018
0.4555848 0.0404727

0.0899364 0.0784432
0.9368795 0.2442706

0.1884876 0.9975661
0.1203580 0.0427288

0.0498123 0.8716095
0.0930535 0.0771462

0.9582183 0.2613873
0.0234023 0.0000000

0.9235834 0.7383705
0.0423759 0.0602109

0.9386451 0.1060652
0.0609995 0.5209155

0.7609613 0.0446326
0.0458369 0.9319255

0.1611671 0.9254612
0.7834221 0.0418331

0.5716343 0.8907710
0.0921524 0.0010108

0.0499745 0.0915159
0.1888289 0.8940074

0.9223672 0.0047405
0.0415562 0.4564389

0.5025497 0.9267374
0.0835226 0.0759095

0.9031664 0.0168493
0.0367941 0.6342495

0.0404542 0.0774698
0.4987144 0.9742009

0.3603208 0.0709748
0.0728748 0.8408307

0.9339693 0.1706238
0.0689047 0.0746457

0.6916236 0.9197154
0.1148990 0.2123057

0.9208860 0.1908377
0.0679860 0.0003811

1.0000000 0.2089335
0.1583540 0.0000000

0.0544935 0.0022820
0.0171564 0.9830851

0.0716640 0.9139157
0.1282145 0.1128026

0.0569867 0.0469370
0.9104519 0.0759153

0.1100199 0.9605396
0.1799188 0.1016188

0.0257307 0.0643225
0.9724106 0.2266282

0.9324753 0.2273263
0.1013931 0.1017496

0.0253771 0.0470772
0.0537642 0.0490571
0.0828124 0.0492412
0.1119192 0.0494845
0.1410394 0.0495348
0.1701644 0.0491803
0.1992889 0.0483689
0.2284105 0.0473122
0.2575331 0.0462741
0.2866566 0.0452746
0.3157837 0.0443632
0.3449164 0.0436298
0.3740570 0.0433492
0.4031995 0.0435269
0.4323400 0.0439191
0.4614786 0.0442656
0.4906097 0.0445845
0.5197321 0.0448146
0.5488735 0.0452364
0.5780118 0.0457186
0.6071505 0.0461612
0.6362916 0.0465142
0.6654356 0.0468124
0.6945798 0.0470959
0.7237233 0.0473644
0.7528647 0.0476610
0.7820060 0.0479456
0.8111461 0.0482519
0.8402854 0.0486268
0.8694178 0.0491348
0.8985416 0.0497102
0.9276379 0.0502448
0.9566879 0.0507975
0.9857874 0.0513149

0.9397033 0.3037192
0.8328035 0.3001173
0.7257020 0.2961018
0.6187424 0.2940878
0.5122112 0.2888711
0.4049008 0.2849587
0.2982031 0.2850086
0.1933972 0.2888030
0.0962254 0.2755483

0.0458160 0.0325803
0.0349495 0.0722833
0.0346915 0.1152398
0.0337264 0.1582587
0.0326336 0.2012918
0.0316370 0.2443363
0.0309657 0.2873864
0.0305112 0.3304351
0.0301368 0.3734711
0.0296841 0.4164898
0.0288792 0.4595065
0.0276907 0.5025370
0.0264585 0.5455748
0.0254277 0.5886218
0.0247280 0.6316755
0.0242783 0.6747322
0.0239408 0.7177907
0.0236056 0.7608499
0.0232743 0.8039084
0.0229561 0.8469672
0.0226800 0.8900195
0.0226712 0.9330330
0.0307456 0.9737024

0.0420124 0.9393620
0.1210474 0.9790279
0.2103878 0.9759104
0.3000306 0.9708717
0.3895990 0.9646227
0.4663714 0.9327210
0.4807162 0.8478112
0.4798652 0.7584922
0.4872285 0.6693939
0.4944523 0.5799373
0.4992883 0.4902543
0.5023764 0.4005091
0.5048709 0.3108077
0.5062610 0.2210819
0.5020813 0.1319086
0.4684214 0.0563033
0.3834722 0.0347350
0.2938273 0.0328930
0.2042254 0.0294153
0.1144414 0.0274154
0.0246828 0.0245527

0.1457415 0.0684424
0.1169704 0.1451156
0.1127313 0.2295337
0.1101835 0.3142337
0.1083679 0.3992027
0.1063098 0.4841679
0.1046835 0.5692029
0.1033831 0.6542317
0.1014589 0.7391031
0.0989167 0.8222437
0.1157592 0.8934392

0.9566389 0.0819956
0.8749059 0.0758373
0.7914161 0.0762252
0.7077425 0.0759198
0.6240269 0.0760053
0.5402988 0.0755112
0.4565674 0.0747280
0.3728385 0.0740102
0.2891209 0.0735138
0.2054125 0.0733173
0.1217428 0.0722879
0.0430829 0.0574633

0.2738745 0.8866054
0.2835533 0.6358968
0.2878355 0.3849818
0.2961459 0.1354260

0.9619175 0.1211313
0.8992601 0.1194141
0.8328037 0.1188783
0.7663621 0.1177935
0.6999840 0.1159300
0.6335867 0.1148073
0.5671454 0.1145955
0.5006620 0.1142528
0.4341702 0.1139546
0.3676671 0.1135731
0.3011584 0.1126739
0.2346736 0.1112206
0.1682354 0.1099890
0.1018759 0.1099453
0.0376339 0.0986194

