0.1934710 0.4728671
0.5775445 0.3084027
0.7189817 0.2349077

0.9722596 0.0626674
0.6191540 0.1650128
0.2439066 0.3250608
0.1542103 0.3779065
0.0612122 0.4188928

0.0116998 0.4697038
0.2666365 0.3629255
0.5221493 0.2690765
0.6693612 0.1966936
0.6997520 0.1999653
0.8912092 0.1178679
0.9680903 0.0985071

0.0467502 0.3339449
0.2836928 0.2114946
0.3410149 0.1912108
0.4472955 0.1892617
0.5693224 0.1444673
0.6688535 0.1209848
0.7281743 0.1214655
0.7706046 0.0968752
0.8764655 0.0094503

0.0332727 0.4497855
0.1555801 0.3581714
0.3147493 0.2803247
0.6378024 0.1709037
0.7795638 0.1349747
0.9747181 0.1043394

0.1777518 0.9604707
0.2805002 0.9002719
0.3085006 0.8599453
0.3198152 0.8166710
0.3045768 0.7353768
0.2458354 0.5641847
0.0996655 0.1982386
0.0872335 0.1441384
0.1112197 0.0725713

0.0432047 0.0180470
0.1827232 0.3715213
0.2208674 0.5058237
0.3714604 0.8957971
0.4253196 0.9765005

0.0472289 0.0304090
0.0568812 0.1091751
0.1948694 0.4291978
0.2571470 0.6751224
0.3887721 0.9847943

0.1252808 0.2932469
0.2192661 0.2620141
0.5045375 0.2679797
0.7401880 0.2287988
0.8686459 0.2178129
0.9788259 0.2212850

0.2177659 0.1252086
0.2783060 0.2892414
0.3450066 0.3938234
0.4114238 0.5236103
0.4815563 0.7063826
0.5314259 0.8022866
0.5810566 0.9507589

0.3898462 0.9763863
0.3098167 0.6915672
0.1725706 0.4099727
0.1163741 0.2416360
0.0185832 0.0030913

0.9468565 0.1251803
0.7026104 0.2079891
0.4547835 0.3131536
0.0314239 0.4243813

0.2931150 0.9641887
0.2930097 0.9205647
0.2691452 0.8257423
0.1518515 0.4771037
0.0449286 0.0211476

0.0834530 0.0290849
0.1250342 0.2417823
0.1825720 0.3420478
0.2348085 0.5193583
0.2522190 0.7040024
0.2422157 0.8044320
0.2064099 0.9348409

0.2702524 0.1308839
0.3403941 0.3402006
0.3715252 0.4069301
0.4768408 0.5261647
0.5280159 0.5691870

0.0327295 0.4402917
0.2652137 0.4384288
0.5221920 0.3138622
0.6252974 0.2892309
0.6705044 0.2456595
0.7386169 0.2113866
0.8143079 0.1304675
0.8565758 0.1134998
0.9121677 0.0604022
0.9580687 0.0379855

0.0727273 0.0825455
0.6103726 0.0635452
0.9412727 0.0647273

0.1471396 0.1372651
0.2571585 0.2307864
0.7204233 0.5376217

0.9747626 0.0027859
0.0412878 0.2251540

0.9665297 0.0336463
0.0639197 0.2574259

0.1265207 0.0846154
0.0326104 0.9315705

0.1090704 0.0130704
0.9174084 0.2085634

0.9700521 0.2823661
0.0677083 0.0053943

0.2233580 0.9100434
0.1346793 0.1387682

0.7844798 0.1256443
0.2908315 0.0561254

0.0385356 0.7215695
0.9407667 0.0273281

0.8518207 0.3516116
0.0544046 0.1597965

0.4677584 0.9406346
0.2072174 0.4062173
0.0470829 0.0996247

0.1355964 0.3005008
0.9410128 0.0315340

0.8497305 0.0423181
0.0688679 0.2571428

0.1279863 0.2721699
0.8152256 0.0831293

0.9169504 0.0412410
0.0953462 0.2509459

0.8751046 0.0778940
0.1181311 0.2803347

0.6691176 0.1243198
0.2515319 0.2171507

0.0982518 0.1428649
0.4796547 0.8984500

0.0160323 0.9598540
0.0828737 0.1858406
0.1128780 0.0477060

0.6968912 0.8570812
0.3164940 0.2819516

0.2976996 0.9204846
0.0898254 0.0576068

0.0850074 0.9516369
0.2922247 0.0574777

0.0318799 0.1722659
0.5260901 0.9280915

0.0639148 0.0671373
0.9155706 0.0436412

0.0804261 0.8878828
0.0334221 0.1242344

0.1938131 0.2234849
0.1922348 0.9251894

0.9524147 0.0115970
0.0457324 0.5532772

0.0563896 0.0908806
0.9129881 0.4255428

0.7894244 0.9051495
0.4907323 0.4785419
0.1148963 0.0369711

0.0905970 0.0791058
0.9018704 0.1681215

0.9526399 0.2508302
0.0465575 0.1047162

0.0791630 0.0045656
0.5207136 0.1710830
0.9434745 0.2993936

0.0207179 0.0613229
0.5673329 0.9360173

0.9277949 0.0161218
0.0506895 0.5203673

0.0000000 0.0000000
0.6356225 0.8724079

0.3853794 0.0271768
0.1170362 0.9513846

0.5650842 0.8875666
0.0324433 0.0588972

0.6389017 0.9865524
0.2519252 0.4174851
0.0265091 0.0622596

0.0633125 0.0425060
0.3719995 0.4819438
0.7010903 0.9803272

0.0232359 0.0489908
0.3224732 0.5025198
0.6618666 0.9754835

0.0228335 0.9284751
0.0710782 0.0503797

0.0798315 0.4120601
0.9529263 0.0000000

0.4129702 0.9284634
0.0387018 0.0405529

0.9642787 0.0219211
0.0661919 0.3474995

0.0614736 0.3298787
0.8692666 0.0304621

0.0376058 0.5931656
0.9156935 0.0641034

0.0639940 0.1293433
0.4928532 0.8129307

0.0376448 0.9712177
0.1994757 0.0616258

0.9671115 0.3868358
0.0806245 0.0106598

0.0487655 0.9280724
0.4680179 0.0402863

0.1044311 0.0932660
0.9321135 0.2570274

0.1884876 0.9975661
0.1203580 0.0427288

0.0498123 0.8716095
0.0930535 0.0771462

0.9582183 0.2613873
0.6235379 0.1348425
0.0234023 0.0000000

0.9264580 0.7406842
0.0428415 0.0601683

0.9386451 0.1060652
0.0609995 0.5209155

0.7645920 0.0476274
0.0581994 0.9324116

0.1489446 0.9183774
0.4690913 0.4526310
0.7763388 0.0493077

0.5939991 0.8902807
0.1127789 0.0976469

0.0529073 0.1018262
0.1894599 0.9029621

0.9123062 0.0046255
0.0462479 0.4537543

0.4909580 0.9119284
0.0866444 0.0996086

0.8779555 0.0144572
0.0311762 0.6220572

0.0441569 0.0726524
0.4941638 0.9577826

0.3449822 0.0907974
0.0679858 0.8442640

0.9328055 0.1626719
0.0664292 0.0688201

0.6966569 0.8930272
0.1025422 0.1880594

0.9109810 0.1873293
0.0708187 0.0003176

1.0000000 0.2089335
0.1583540 0.0000000

0.0544935 0.0022820
0.0171564 0.9830851

0.0784474 0.9081947
0.1348790 0.1139379

0.0677440 0.0438219
0.9118884 0.0676703

0.1100199 0.9605396
0.1799188 0.1016188

0.0257307 0.0643225
0.5248511 0.1264658
0.9724106 0.2266282

0.9214648 0.2216797
0.1041245 0.1052149

0.0262843 0.0460655
0.9857588 0.0508322

0.9386122 0.3020358
0.4104129 0.2817745
0.1734116 0.2853842
0.0956384 0.2719441

0.0468482 0.0332509
0.0361461 0.0712773
0.0251417 0.6040345
0.0226811 0.9347562
0.0307110 0.9736746

0.0460416 0.9334492
0.1254407 0.9784758
0.3920444 0.9663149
0.4679217 0.9407120
0.4873123 0.8696134
0.5088198 0.1817949
0.4920965 0.0906223
0.4769681 0.0631048
0.4490315 0.0477841
0.3906645 0.0367300
0.0289272 0.0261529

0.1467112 0.0714601
0.1204173 0.1413355
0.1132290 0.2800838
0.1022386 0.8286773
0.1185265 0.8935757

0.9575960 0.0807905
0.1262670 0.0713897
0.0461103 0.0576569

0.2742873 0.8793554
0.2919097 0.1465081

0.9597678 0.1227356
0.1052021 0.1104958
0.0388036 0.1001524

