0.9208837 0.0000000
0.8532692 0.0212305
0.7934298 0.0448038
0.7349776 0.0684365
0.6708147 0.0847896
0.6120719 0.1043898
0.5557081 0.1441935
0.4929996 0.1807108
0.4327842 0.2022585
0.3692463 0.2256745
0.3074295 0.2521795
0.2462374 0.2857468
0.1850883 0.3183111
0.1247783 0.3529214
0.0619086 0.3823971
0.0127055 0.4064265

0.9208837 0.0000000
0.8532692 0.0212305
0.7934298 0.0448038
0.7349776 0.0684365
0.6708147 0.0847896
0.6708147 0.0847896
0.6708147 0.0847896
0.6120719 0.1043898
0.5557081 0.1441935
0.4929996 0.1807108
0.4327842 0.2022585
0.3692463 0.2256745
0.3074295 0.2521795
0.2462374 0.2857468
0.1850883 0.3183111
0.1247783 0.3529214
0.0619086 0.3823971
0.0127055 0.4064265

0.5000000 0.5000000
0.5000000 0.5000000
0.5000000 0.5000000
0.5000000 0.5000000

0.9208837 0.0000000
0.8532692 0.0212305
0.7934298 0.0448038
0.7349776 0.0684365
0.6708147 0.0847896
0.6120719 0.1043898
0.5557081 0.1441935
0.4929996 0.1807108
0.4327842 0.2022585
0.3692463 0.2256745
0.3074295 0.2521795
0.2462374 0.2857468
0.1850883 0.3183111
0.1247783 0.3529214
0.0619086 0.3823971
0.0127055 0.4064265

0.9208837 0.0000000
0.8532692 0.0212305
0.7934298 0.0448038
0.7349776 0.0684365
0.6708147 0.0847896
0.6120719 0.1043898
0.5557081 0.1441935
0.4929996 0.1807108
0.4327842 0.2022585
0.3692463 0.2256745
0.3074295 0.2521795
0.2462374 0.2857468
0.1850883 0.3183111
0.1247783 0.3529214
0.0619086 0.3823971
0.0127055 0.4064265
